+12087577428+12087577428+12087577428
+12087577428
2087577428
1 2 0 8 7
5 7 7 4 2
2025-03-01
11 39 47.149117
2025-03-01
11 39 47.149117
2025-03-01
11 39 47.149117
2025-03-01
11 39 47.149117
2025-03-01
11 39 47.149117
2025-03-01
11 39 47.149117
2025-03-01
11 39 47.149117
2025-03-01
11 39 47.149117
2025-03-01
11 39 47.149117
2025-03-01
11 39 47.149117
2025-03-01
11 39 47.149117
2025-03-01
11 39 47.149117
2025-03-01
11 39 47.149117
2025-03-01
11 39 47.149117
2025-03-01
11 39 47.149117
2025-03-01
11 39 47.149117
2025-03-01
11 39 47.149117
2025-03-01
11 39 47.149117
2025-03-01
11 39 47.149117
2025-03-01
11 39 47.149117
2025-03-01
11 39 47.149117
2025-03-01
11 39 47.149117
2025-03-01
11 39 47.149117
2025-03-01
11 39 47.149117
2025-03-01
11 39 47.149117
2025-03-01
11 39 47.149117
2025-03-01
11 39 47.149117
2025-03-01
11 39 47.149117
2025-03-01
11 39 47.149117
2025-03-01
11 39 47.149117
2025-03-01
11 39 47.149117
2025-03-01
11 39 47.149117
2025-03-01
11 39 47.149117
2025-03-01
11 39 47.149117
2025-03-01
11 39 47.149117
2025-03-01
11 39 47.149117
2025-03-01
11 39 47.149117
2025-03-01
11 39 47.149117
2025-03-01
11 39 47.149117
2025-03-01
11 39 47.149117
2025-03-01
11 39 47.149117
2025-03-01
11 39 47.149117
2025-03-01
11 39 47.149117
2025-03-01
11 39 47.149117
2025-03-01
11 39 47.149117
2025-03-01
11 39 47.149117
2025-03-01
11 39 47.149117
2025-03-01
11 39 47.149117
2025-03-01
11 39 47.149117
2025-03-01
11 39 47.149117
2025-03-01
11 39 47.149117
2025-03-01
11 39 47.149117
2025-03-01
11 42 57
2025-03-01
11 42 57
2025-03-01
11 42 57
2025-03-01
11 42 57
2025-03-01
11 42 57
2025-03-01
11 42 57
2025-03-01
11 42 57
2025-03-01
11 42 57
2025-03-01
11 42 57
2025-03-01
11 42 57
2025-03-01
11 42 57
2025-03-01
11 42 57
2025-03-01
11 42 57
2025-03-01
11 42 57
2025-03-01
11 42 57
2025-03-01
11 42 57
2025-03-01
11 42 57
2025-03-01
11 42 57
2025-03-01
11 42 57
2025-03-01
11 42 57
2025-03-01
11 42 57
2025-03-01
11 42 57
2025-03-01
11 42 57
2025-03-01
11 42 57
2025-03-01
11 42 57
2025-03-01
11 42 57
2025-03-01
11 42 57
2025-03-01
11 42 57
2025-03-01
11 42 57
2025-03-01
11 42 57
2025-03-01
11 42 57
2025-03-01
11 42 57
2025-03-01
11 42 57
2025-03-01
11 42 57
2025-03-01
11 42 57
2025-03-01
11 42 57
2025-03-01
11 42 57
2025-03-01
12 15 54
2025-03-01
12 15 54
2025-03-01
12 15 54
2025-03-01
12 15 54
2025-03-01
12 15 54
2025-03-01
12 15 54
2025-03-01
12 15 54
2025-03-01
12 15 54
2025-03-01
12 15 54
2025-03-01
12 15 54
2025-03-01
12 15 54
2025-03-01
12 15 54
2025-03-01
12 15 54
2025-03-01
12 15 54
2025-03-01
12 15 54
2025-03-01
12 15 54
2025-03-01
12 15 54
2025-03-01
12 15 54
2025-03-01
12 15 54
2025-03-01
12 15 54
2025-03-01
12 15 54
2025-03-01
12 15 54
2025-03-01
12 15 54
2025-03-01
12 15 54
2025-03-01
12 15 54
2025-03-01
12 15 54
2025-03-01
12 15 54
2025-03-01
12 15 54
2025-03-01
12 15 54
2025-03-01
12 15 54
2025-03-01
12 15 54
2025-03-01
12 15 54
2025-03-01
12 15 54
2025-03-01
12 15 54
2025-03-01
12 15 54
2025-03-01
12 15 54
2025-03-01
12 15 54
2025-03-01
12 15 54
2025-03-01
12 15 54
2025-03-01
12 15 54
2025-03-01
12 15 54
2025-03-01
12 15 54
2025-03-01
12 15 54
2025-03-01
12 15 54
2025-03-01
12 15 54
2025-03-01
12 15 54
2025-03-01
12 15 54
2025-03-01
12 15 54
2025-03-01
12 15 54
2025-03-01
12 15 54
2025-03-01
12 15 54
2025-03-01
12 15 54
2025-03-01
12 15 54
2025-03-01
12 15 54
2025-03-01
12 15 54
2025-03-01
12 15 54
2025-03-01
12 15 54
2025-03-01
12 15 54
2025-03-01
12 15 54
2025-03-01
12 15 54
2025-03-01
12 15 54
2025-03-01
12 15 54
2025-03-01
12 15 54
2025-03-01
12 15 54
2025-03-01
12 15 54
2025-03-01
12 15 54
2025-03-01
12 15 54
2025-03-01
12 15 54
2025-03-01
12 15 54
2025-03-01
12 15 54
2025-03-01
12 15 54
2025-03-01
12 15 54
2025-03-01
12 15 54
2025-03-01
12 15 54
2025-03-01
12 15 54
2025-03-01
12 15 54
2025-03-01
12 15 54
2025-03-01
12 15 54
2025-03-01
12 15 54
2025-03-01
12 15 54
2025-03-01
12 15 54
2025-03-01
12 15 54
2025-03-01
12 15 54
2025-03-01
12 15 54
2025-03-01
12 15 54
2025-03-01
12 15 54
2025-03-01
12 15 54
2025-03-01
12 15 54
2025-03-01
12 15 54
2025-03-01
12 15 54 4
2025-03-01
12 15 54
2025-03-01
12 15 54
2025-03-01
12 15 54
2025-03-01
12 15 54
2025-03-01
12 15 54
2025-03-01
12 15 54
2025-03-01
12 15 54
2025-03-01
12 15 54
2025-03-01
12 15 54
2025-03-01
12 15 54
2025-03-01
12 15 54
2025-03-01
12 15 54
2025-03-01
12 15 54
2025-03-01
12 15 54
2025-03-01
12 15 54
2025-03-01
12 15 54
2025-03-01
12 15 54
2025-03-01
12 15 54
2025-03-01
12 15 54
2025-03-01
12 15 54
2025-03-01
12 15 54
2025-03-01
12 15 54 1
2025-03-01
12 15 54 2
2025-03-01
12 15 54 0
2025-03-01
12 15 54 8
2025-03-01
12 15 54 7
2025-03-01
12 15 54 5
2025-03-01
12 15 54 7
2025-03-01
12 15 54 7
2025-03-01
12 15 54 4
2025-03-01
12 15 54 2
2025-03-01
12 15 54 8
2025-03-01
12 15 54
2025-03-01
12 15 54
2025-03-01
12 15 54
2025-03-01
12 15 54
2025-03-01
12 15 54
2025-03-01
12 20 36
2025-03-01
12 20 36
2025-03-01
12 20 36
2025-03-01
12 20 36
2025-03-01
12 20 36
2025-03-01
12 20 36
2025-03-01
12 20 36
2025-03-01
12 20 36
2025-03-01
12 20 36
2025-03-01
12 20 36
2025-03-01
12 20 36
2025-03-01
12 20 36
2025-03-01
12 20 36
2025-03-01
12 20 36
2025-03-01
12 20 36
2025-03-01
12 20 36
2025-03-01
12 20 36
2025-03-01
12 20 36
2025-03-01
12 20 36
2025-03-01
12 20 36
2025-03-01
12 20 36
2025-03-01
12 20 36
2025-03-01
12 20 36
2025-03-01
12 20 36
2025-03-01
12 20 36
2025-03-01
12 20 36
2025-03-01
12 20 36
2025-03-01
12 20 36
2025-03-01
12 20 36
2025-03-01
12 20 36
2025-03-01
12 20 36
2025-03-01
12 20 36
2025-03-01
12 20 36
2025-03-01
12 20 36
2025-03-01
12 20 36
2025-03-01
12 20 36
2025-03-01
12 20 36
2025-03-01
12 20 36
2025-03-01
12 20 36
2025-03-01
12 20 36
2025-03-01
12 20 36
2025-03-01
12 20 36
2025-03-01
12 20 36
2025-03-01
12 20 36
2025-03-01
12 20 36
2025-03-01
12 20 36
2025-03-01
12 20 36
2025-03-01
12 20 36
2025-03-01
12 20 36
2025-03-01
12 20 36
2025-03-01
12 20 36
2025-03-01
12 20 36
2025-03-01
12 20 36
2025-03-01
12 20 36
2025-03-01
12 20 36
2025-03-01
12 20 36
2025-03-01
12 20 36
2025-03-01
12 20 36
2025-03-01
12 20 36
2025-03-01
12 20 36
2025-03-01
12 20 36
2025-03-01
12 20 36
2025-03-01
12 20 36
2025-03-01
12 20 36
2025-03-01
12 20 36
2025-03-01
12 20 36
2025-03-01
12 20 36
2025-03-01
12 20 36
2025-03-01
12 20 36
2025-03-01
12 20 36
2025-03-01
12 20 36
2025-03-01
12 20 36
2025-03-01
12 20 36
2025-03-01
12 20 36
2025-03-01
12 20 36
2025-03-01
12 20 36
2025-03-01
12 20 36
2025-03-01
12 20 36
2025-03-01
12 20 36
2025-03-01
12 20 36
2025-03-01
12 20 36
2025-03-01
12 20 36
2025-03-01
12 20 36
2025-03-01
12 20 36
2025-03-01
12 20 36
2025-03-01
12 20 36
2025-03-01
12 20 36
2025-03-01
12 20 36
2025-03-01
12 20 36
2025-03-01
12 20 36
2025-03-01
12 20 36
2025-03-01
12 20 36
2025-03-01
12 20 36
2025-03-01
12 20 36
2025-03-01
12 20 36
2025-03-01
12 20 36
2025-03-01
12 20 36
2025-03-01
12 20 36
2025-03-01
12 20 36
2025-03-01
12 20 36
2025-03-01
12 20 36
2025-03-01
12 20 36
2025-03-01
12 20 36
2025-03-01
12 20 36 4
2025-03-01
12 20 36
2025-03-01
12 20 36
2025-03-01
12 24 00
2025-03-01
12 24 00
2025-03-01
12 24 00
2025-03-01
12 24 00
2025-03-01
12 24 00
2025-03-01
12 24 00
2025-03-01
12 24 00
2025-03-01
12 24 00
2025-03-01
12 24 00
2025-03-01
12 24 00
2025-03-01
12 24 00
2025-03-01
12 24 00
2025-03-01
12 24 00
2025-03-01
12 24 00
2025-03-01
12 24 00
2025-03-01
12 24 00
2025-03-01
12 24 00
2025-03-01
12 24 00
2025-03-01
12 24 00
2025-03-01
12 24 00
2025-03-01
12 24 00
2025-03-01
12 24 00
2025-03-01
12 24 00
2025-03-01
12 24 00
2025-03-01
12 24 00
2025-03-01
12 24 00
2025-03-01
12 24 00
2025-03-01
12 24 00
2025-03-01
12 24 00
2025-03-01
12 24 00
2025-03-01
12 24 00
2025-03-01
12 24 00
2025-03-01
12 24 00
2025-03-01
12 24 00
2025-03-01
12 24 00
2025-03-01
12 24 00
2025-03-01
12 24 00
2025-03-01
12 24 00
2025-03-01
12 24 00
2025-03-01
12 24 00
2025-03-01
12 24 00
2025-03-01
12 24 00
2025-03-01
12 24 00
2025-03-01
12 24 00
2025-03-01
12 24 00
2025-03-01
12 24 00
2025-03-01
12 24 00
2025-03-01
12 24 00
2025-03-01
12 24 00
2025-03-01
12 24 00
2025-03-01
12 24 00
2025-03-01
12 24 00
2025-03-01
12 24 00
2025-03-01
12 24 00
2025-03-01
12 24 00
2025-03-01
12 24 00
2025-03-01
12 24 00
2025-03-01
12 24 00
2025-03-01
12 24 00
2025-03-01
12 24 00
2025-03-01
12 24 00 4
2025-03-01
12 24 00
2025-03-01
12 24 00
2025-03-01
12 24 00
2025-03-01
12 24 00
2025-03-01
12 24 00
2025-03-01
12 24 00
2025-03-01
12 24 00
2025-03-01
12 24 00
2025-03-01
12 24 00
2025-03-01
12 24 00
2025-03-01
12 24 00
2025-03-01
12 24 00
2025-03-01
12 24 00
2025-03-01
12 24 00
2025-03-01
12 24 00
2025-03-01
12 24 00
2025-03-01
12 24 00
2025-03-01
12 24 00
2025-03-01
12 24 00
2025-03-01
12 24 00
2025-03-01
12 24 00
2025-03-01
12 24 00
2025-03-01
12 24 00
2025-03-01
12 24 00
2025-03-01
12 24 00
2025-03-01
12 24 00
2025-03-01
12 24 00
2025-03-01
12 24 00
2025-03-01
12 24 00
2025-03-01
12 24 00
2025-03-01
12 24 00
2025-03-01
12 24 00
2025-03-01
12 24 00
2025-03-01
12 24 00
2025-03-01
12 24 00
2025-03-01
12 24 00
2025-03-01
12 24 00
2025-03-01
12 24 00
2025-03-01
12 24 00
2025-03-01
12 24 00
2025-03-01
12 24 00
2025-03-01
12 24 00
2025-03-01
12 24 00
2025-03-01
12 24 00
2025-03-01
12 24 00
2025-03-01
12 24 00
2025-03-01
12 24 00
2025-03-01
12 24 00
2025-03-01
12 24 00
2025-03-01
12 24 00
2025-03-01
12 24 00
2025-03-01
12 24 00
2025-03-01
12 24 00
2025-03-01
12 24 00
2025-03-01
12 24 00
2025-03-01
12 24 00
2025-03-01
12 24 00 2
2025-03-01
12 24 00 0
2025-03-01
12 24 00 8
2025-03-01
12 24 00 7
2025-03-01
12 24 00 5
2025-03-01
12 24 00 7
2025-03-01
12 24 00 7
2025-03-01
12 24 00 4
2025-03-01
12 24 00 2
2025-03-01
12 24 00 8
2025-03-01
12 24 00
2025-03-01
12 24 00
2025-03-01
12 27 40
2025-03-01
12 27 40
2025-03-01
12 27 40
2025-03-01
12 27 40
2025-03-01
12 27 40
2025-03-01
12 27 40
2025-03-01
12 27 40
2025-03-01
12 27 40
2025-03-01
12 27 40
2025-03-01
12 27 40
2025-03-01
12 27 40
2025-03-01
12 27 40
2025-03-01
12 27 40
2025-03-01
12 27 40
2025-03-01
12 27 40
2025-03-01
12 27 40
2025-03-01
12 27 40
2025-03-01
12 27 40
2025-03-01
12 27 40
2025-03-01
12 27 40
2025-03-01
12 27 40
2025-03-01
12 27 40
2025-03-01
12 27 40
2025-03-01
12 27 40
2025-03-01
12 27 40
2025-03-01
12 27 40
2025-03-01
12 27 40
2025-03-01
12 27 40
2025-03-01
12 27 40
2025-03-01
12 27 40
2025-03-01
12 27 40
2025-03-01
12 27 40
2025-03-01
12 27 40
2025-03-01
12 27 40
2025-03-01
12 27 40
2025-03-01
12 27 40
2025-03-01
12 27 40
2025-03-01
12 27 40
2025-03-01
12 27 40
2025-03-01
12 27 40
2025-03-01
12 27 40
2025-03-01
12 27 40
2025-03-01
12 27 40
2025-03-01
12 27 40
2025-03-01
12 27 40
2025-03-01
12 27 40
2025-03-01
12 27 40
2025-03-01
12 27 40
2025-03-01
12 27 40
2025-03-01
12 27 40
2025-03-01
12 27 40
2025-03-01
12 27 40
2025-03-01
12 27 40
2025-03-01
12 27 40
2025-03-01
12 27 40
2025-03-01
12 27 40
2025-03-01
12 27 40
2025-03-01
12 27 40
2025-03-01
12 27 40
2025-03-01
12 27 40
2025-03-01
12 27 40
2025-03-01
12 27 40
2025-03-01
12 27 40
2025-03-01
12 27 40
2025-03-01
12 27 40
2025-03-01
12 27 40
2025-03-01
12 27 40
2025-03-01
12 27 40
2025-03-01
12 27 40
2025-03-01
12 27 40
2025-03-01
12 27 40
2025-03-01
12 27 40
2025-03-01
12 27 40
2025-03-01
12 27 40
2025-03-01
12 27 40
2025-03-01
12 27 40
2025-03-01
12 27 40
2025-03-01
12 27 40
2025-03-01
12 27 40
2025-03-01
12 27 40
2025-03-01
12 27 40 2
2025-03-01
12 27 40 0
2025-03-01
12 27 40 7
2025-03-01
12 27 40
2025-03-01
12 27 40 8
2025-03-01
12 27 40 7
2025-03-01
12 27 40 5
2025-03-01
12 27 40 7
2025-03-01
12 27 40 7
2025-03-01
12 27 40 4
2025-03-01
12 27 40 2
2025-03-01
12 27 40 8
2025-03-01
12 27 40
2025-03-01
12 27 40
2025-03-01
12 27 40
